854
84
694
95
765
387
340
515
57
231
528
315
800
433
52
264
648
577
464
353
990
500
52
419
279
414
54
54
440
511
434
293
337
739
412
266
527
37
470
344
489
716
63
690
381
223
869
614
898
343
454
529
896
13
269
106
97
249
704
271
598
605
939
505
783
367
729
360
680
963
234
111
967
740
9
379
35
509
108
633
466
40
895
903
755
208
452
730
386
859
778
579
867
91
174
547
474
516
277
551
902
189
869
469
155
540
962
687
115
976
789
984
188
982
124
785
74
957
37
72
89
523
359
455
839
287
337
356
25
81
347
416
629
568
556
941
664
724
646
49
943
630
491
709
188
426
849
766
588
790
222
630
532
361
497
994
461
59
545
395
523
896
602
988
507
468
538
142
475
695
835
431
48
568
659
275
680
666
33
429
742
935
886
925
315
480
731
559
541
945
661
658
387
80
225
156
979
529
683
274
546
618
354
265
682
998
704
557
420
707
346
896
562
403
516
493
219
507
130
568
927
237
204
126
70
606
551
113
871
722
784
814
12
587
704
414
31
189
109
531
616
242
136
88
27
830
167
422
622
988
521
636
365
948
735
996
307
788
979
20
981
903
232
968
868
120
456
713
159
373
633
249
951
829
409
651
389
932
907
81
904
941
10
525
609
396
811
597
853
950
774
183
736
835
975
293
844
864
140
908
642
335
683
94
208
898
805
840
539
306
554
168
218
123
560
676
227
872
852
351
93
556
668
18
182
48
965
917
240
200
834
628
245
924
699
322
240
97
277
732
116
668
219
36
584
250
323
577
453
180
160
129
340
416
363
720
946
188
94
908
773
81
490
625
8
357
72
573
870
173
938
984
293
101
142
255
320
769
921
205
844
44
330
666
493
283
737
747
863
930
5
140
135
753
113
561
902
268
511
585
164
356
50
816
650
196
54
771
57
95
978
548
421
201
408
584
550
405
743
722
925
396
67
549
964
613
337
558
691
518
256
112
705
650
730
386
852
157
684
721
434
388
785
214
642
475
487
582
902
939
616
230
132
514
309
600
416
279
605
560
921
649
644
184
546
772
981
779
725
426
407
469
509
302
124
908
629
793
444
168
776
730
425
254
241
386
926
387
282
586
553
121
306
519
591
312
479
555
387
861
916
626
440
717
785
405
597
538
663
250
464
313
188
903
81
541
37
289
601
434
664
478
920
497
890
982
837
201
445
711
747
350
364
651
767
28
745
444
842
129
77
435
647
123
902
241
685
515
845
479
574
758
257
369
946
758
719
599
661
863
164
23
5
55
427
209
234
420
344
102
346
595
456
680
993
572
626
956
950
95
434
845
812
814
937
972
55
118
67
741
881
998
568
66
49
318
556
78
979
513
738
91
218
271
167
426
187
977
670
9
351
635
84
567
302
403
925
371
481
996
309
417
121
155
450
455
423
233
480
948
103
647
374
143
626
363
385
12
833
527
886
163
514
464
120
939
998
776
184
813
708
540
981
222
174
341
156
960
135
173
638
631
204
673
904
470
870
816
189
617
127
639
331
258
453
676
25
767
783
331
325
23
654
12
897
386
708
206
261
314
792
302
257
762
890
955
85
356
950
103
283
416
174
352
247
832
820
532
54
203
67
3
634
119
102
663
273
993
159
810
815
584
977
314
730
466
796
302
581
152
744
386
57
790
744
108
730
537
177
984
154
440
953
593
816
544
938
261
838
410
750
50
256
43
247
395
496
227
537
303
613
904
869
387
817
586
524
678
388
714
59
906
305
96
812
759
4
361
454
806
462
62
229
1
62
712
626
514
166
792
451
996
391
50
994
607
275
469
649
121
45
716
742
301
957
440
416
0
4
10
870
987
465
721
681
417
372
475
899
168
299
391
606
968
73
374
199
378
267
475
772
175
12
73
725
942
148
260
211
89
25
157
526
491
939
152
342
410
290
840
587
425
908
294
338
757
17
766
901
44
504
124
855
310
977
628
279
97
112
950
675
909
499
329
636
924
941
655
124
868
143
809
538
2
931
689
732
455
401
110
681
944
147
541
720
806
503
716
440
296
430
197
16
531
69
423
64
446
526
810
340
248
390
113
759
798
378
573
581
969
741
619
763
782
361
570
668
869
205
335
871
990
573
723
880
16
38
940
826
311
134
457
272
900
428
822
89
805
968
941
528
126
309
570
557
464
945
949
620
27
555
984
57
270
357
126
121
17
472
907
463
281
811
831
171
286
257
10
227
629
569
493
916
581
430
928
821
837
606
969
904
772
198
866
797
840
500
472
140
549
