669
457
521
573
59
742
919
237
961
876
616
882
810
956
314
681
727
68
567
546
504
376
937
622
98
162
404
1000
48
204
55
964
365
933
742
430
387
583
211
302
954
750
787
510
984
256
349
825
150
498
996
814
40
70
287
209
680
840
200
854
655
790
673
339
516
269
784
65
593
240
740
614
411
207
822
969
611
670
328
392
166
354
564
827
902
493
446
476
823
437
27
751
927
202
516
606
142
75
709
279
184
620
127
986
115
467
276
747
385
285
324
457
628
197
452
483
185
474
160
250
705
717
46
684
87
574
489
556
974
599
597
958
693
582
276
304
596
762
207
526
267
388
834
219
855
226
368
893
17
354
987
73
719
103
600
709
333
24
566
861
905
367
856
546
315
30
671
721
315
886
556
107
492
387
38
593
20
869
134
412
209
755
177
343
37
28
782
250
245
398
313
721
571
946
45
940
82
900
503
980
820
787
152
544
721
381
257
580
185
630
646
898
381
100
546
158
809
699
90
155
331
882
132
646
929
189
123
309
923
785
980
703
257
966
162
407
330
146
486
684
258
287
122
150
489
660
609
829
415
362
599
982
591
357
226
580
542
368
485
172
37
988
445
145
723
101
404
987
624
963
70
472
862
562
778
487
935
328
922
309
552
27
257
814
74
313
69
869
178
276
4
460
856
200
465
647
554
574
921
647
511
530
832
600
261
507
3
96
708
174
562
776
497
587
869
914
856
976
401
254
589
340
865
284
595
621
461
970
908
919
654
315
38
258
447
743
932
868
199
789
76
410
935
416
668
938
856
175
625
46
428
215
831
40
418
630
560
189
863
450
430
544
383
806
616
369
326
501
949
610
302
381
763
915
848
268
925
796
951
27
64
826
942
659
566
890
832
394
380
198
824
200
899
227
117
984
799
694
787
945
210
32
674
50
952
136
709
931
151
422
83
241
156
377
45
132
71
987
524
42
960
87
218
925
789
918
500
688
256
346
502
678
675
245
642
147
769
409
913
609
530
12
318
710
671
771
638
541
339
697
958
172
838
634
185
264
97
344
289
216
419
886
458
336
78
162
209
414
234
151
497
973
394
227
258
675
296
632
562
630
774
194
776
512
323
99
104
100
939
618
869
320
850
92
781
331
349
418
109
313
136
83
584
730
930
678
32
559
82
200
157
129
99
492
193
648
739
835
680
50
464
879
645
408
549
709
489
332
860
836
646
146
969
368
508
818
43
146
775
625
72
389
399
971
345
900
537
104
247
154
589
613
687
773
477
125
887
559
492
101
620
478
917
928
900
914
104
708
489
112
182
729
396
961
143
583
707
407
325
478
775
167
518
956
634
693
167
699
360
779
76
461
162
369
815
912
128
882
586
113
819
436
129
881
946
836
399
354
665
979
22
67
304
202
979
854
764
623
890
790
411
665
617
235
874
423
160
274
549
951
644
898
314
205
299
343
609
902
129
488
16
306
75
189
913
150
110
24
962
987
382
454
199
294
965
386
502
953
12
386
771
377
957
455
776
469
12
770
275
693
616
151
128
262
885
419
157
282
388
216
78
727
925
518
194
276
960
988
212
93
370
103
936
669
987
403
239
796
97
206
234
492
562
407
894
696
46
675
232
306
470
929
276
724
974
367
369
870
99
598
353
463
594
563
834
143
41
616
567
252
817
484
118
344
621
555
22
126
366
24
882
304
959
914
922
266
779
381
208
229
387
927
304
60
66
223
133
650
318
500
860
897
146
804
85
454
351
935
988
114
635
168
851
300
327
343
177
559
215
267
286
383
728
75
192
713
306
613
375
529
275
482
349
113
487
552
540
453
271
201
882
693
363
635
942
451
427
605
15
460
361
236
413
850
561
459
0
335
709
778
279
276
769
962
495
949
463
912
212
543
423
807
922
320
182
337
577
153
414
513
384
733
579
706
185
95
320
307
835
466
279
253
554
607
674
34
621
392
95
703
559
988
916
718
1
485
240
343
595
458
729
394
530
295
426
203
495
947
123
213
781
758
889
860
719
784
536
933
88
644
503
634
508
183
472
248
167
63
76
52
842
226
491
699
697
514
413
527
865
525
787
798
999
819
867
783
970
440
634
349
596
31
194
644
247
137
575
19
543
367
569
918
714
307
742
273
731
862
710
190
661
204
641
421
564
375
936
706
957
275
45
182
360
997
885
481
800
914
788
744
391
921
592
702
893
844
768
969
131
814
512
301
979
716
71
380
46
98
812
202
777
509
201
924
587
251
770
140
348
183
215
25
383
116
264
222
604
876
362
79
